1937
2569
1862
2686
2574
2254
1829
2268
2160
1866
2192
2459
2344
2131
2107
2010
1921
1904
1776
2103
2064
1580
1960
2002
1800
1392
2294
1910
1934
1990
1565
1992
2076
1661
2159
1674
2092
1883
1525
2072
1828
1973
1848
2137
2168
2163
1766
1875
1677
1889
2230
1986
1540
1778
1900
2364
1582
1719
2053
2130
1536
2072
2078
1788
1871
2039
1991
1933
1860
2145
2161
1864
2077
2201
2055
2209
1962
1897
1783
1955
1823
2152
1910
2101
1798
2045
1733
1659
1988
2185
2452
1815
1642
2163
2240
2151
1744
2014
1747
2097
2108
1734
1801
1962
1526
1518
1669
1719
1873
2024
1948
1906
1954
1575
1472
