1867 27.18 26.79 26.11 26.01 26.01 26.20 25.67 24.66 23.70 24.86 24.02 27.37
1868 29.59 27.24 25.67 26.24 26.46 25.40 25.04 23.96 22.48 22.92 24.74 27.71
1869 28.82 25.82 24.80 24.20 23.71 23.52 23.02 22.65 22.94 23.74 26.20 27.44
1870 28.63 27.12 26.86 25.97 25.20 24.55 23.97 23.65 22.71 24.14 25.02 26.59
1871 28.54 26.00 25.41 24.91 24.47 23.93 23.39 23.13 22.95 23.46 25.54 27.39
1872 28.45 27.60 25.30 24.17 24.10 23.82 23.33 22.36 21.68 24.14 25.88 27.52
1873 29.20 27.87 25.69 25.51 25.19 25.28 24.07 24.48 23.33 23.79 25.23 27.02
1874 28.37 26.50 25.71 24.90 24.01 23.43 23.01 22.69 22.28 23.07 24.76 25.93
1875 26.73 25.35 25.14 24.87 24.61 24.41 24.35 24.24 24.03 24.84 25.74 25.90
1876 27.50 26.53 26.13 25.65 25.08 24.78 24.55 23.83 23.33 23.74 24.75 26.04
1877 27.22 26.13 25.39 25.18 24.83 24.45 24.12 23.87 23.67 24.25 24.86 26.02
1878 28.20 26.06 25.06 24.65 24.28 24.12 23.93 23.64 23.21 23.77 24.99 26.35
1879 27.66 26.73 26.24 25.29 24.38 24.65 24.24 23.97 23.54 24.49 25.82 25.69
1880 26.59 26.33 26.00 25.57 25.12 24.75 24.43 24.18 23.96 24.97 25.91 26.66
1881 27.46 27.08 26.51 25.65 24.82 24.11 23.56 23.17 22.90 23.72 24.11 25.55
1882 26.72 26.28 25.37 24.85 24.46 24.18 23.56 22.91 22.34 23.40 24.60 25.81
1883 27.13 26.15 26.11 25.40 25.31 25.39 25.40 24.79 24.33 24.89 25.62 26.53
1884 27.42 26.88 26.12 25.92 25.88 25.49 25.20 24.80 24.53 24.84 25.42 27.25
1885 28.29 27.23 25.87 25.61 25.34 25.09 24.52 24.11 23.95 24.51 25.41 26.72
1886 28.35 27.44 26.11 25.11 22.82 22.30 22.11 21.76 21.36 23.07 24.49 26.15
1887 27.69 26.83 25.86 25.40 24.96 24.88 24.77 24.06 23.61 25.13 24.95 25.71
1888 27.56 27.36 27.02 26.61 26.21 25.93 25.62 25.30 25.00 25.57 26.26 27.23
1889 27.73 26.56 25.08 24.68 24.61 24.02 23.31 23.04 22.84 23.41 24.91 26.27
1890 27.37 27.01 26.13 25.70 25.64 25.27 24.70 24.11 23.51 24.13 25.21 26.42
1891 27.26 27.06 26.86 26.66 26.49 26.21 25.81 25.35 24.89 25.80 26.11 27.42
1892 29.31 28.05 27.53 27.20 26.67 26.02 25.29 24.34 23.22 24.10 24.83 25.47
1893 27.07 26.46 25.76 25.39 24.72 24.62 24.70 24.35 24.10 25.12 26.16 27.06
1894 27.71 26.97 26.21 25.84 25.41 24.89 24.33 23.74 23.49 23.89 25.10 27.13
1895 28.19 27.01 25.83 24.91 24.52 24.43 24.50 24.55 24.39 25.09 26.11 27.06
1896 28.07 27.19 26.74 26.49 26.43 26.36 26.14 25.78 25.47 25.69 25.90 27.09
1897 28.89 28.23 26.43 25.55 25.19 25.02 24.46 23.89 22.97 23.63 24.55 25.68
1898 26.74 26.38 26.02 25.69 25.42 25.22 24.98 24.71 24.43 24.19 25.02 26.72
1899 27.75 27.39 26.98 26.47 25.51 25.02 25.20 24.85 24.81 25.97 26.58 27.21
1900 28.20 27.34 26.49 25.87 25.71 25.64 25.49 25.30 25.12 25.56 26.22 27.53
1901 28.34 27.13 27.04 27.26 26.88 26.02 25.22 24.56 24.42 24.40 25.01 26.95
1902 28.68 28.48 27.72 27.36 27.87 27.35 26.75 25.08 25.31 25.81 26.65 27.19
1903 27.61 27.39 27.17 26.95 26.73 26.04 25.35 24.66 23.97 24.35 25.05 26.14
1904 27.60 26.37 26.99 26.42 26.09 25.32 24.75 24.39 24.07 24.75 26.08 27.26
1905 27.82 27.31 26.87 26.53 26.00 25.58 25.07 24.91 24.98 25.51 26.31 27.09
1906 27.56 27.44 27.33 27.23 26.82 26.32 25.77 25.54 25.54 25.97 25.90 27.67
1907 28.93 28.13 27.43 26.90 26.57 26.53 26.27 25.94 25.57 25.84 26.09 26.96
1908 28.07 27.65 26.98 26.22 25.54 25.40 25.10 24.77 24.54 25.94 26.70 27.78
1909 28.10 27.30 26.45 25.94 25.74 25.20 25.23 24.53 24.07 25.31 26.00 27.03
1910 27.77 27.58 26.84 26.92 26.39 24.74 24.03 23.75 23.06 23.97 25.19 26.15
1911 27.68 27.55 27.42 27.13 26.54 25.95 25.69 25.60 25.50 26.09 27.12 28.23
1912 29.04 28.83 28.62 28.41 27.63 26.85 26.62 26.04 25.21 25.96 27.04 28.02
1913 29.08 28.29 27.29 27.13 27.10 26.70 26.20 25.29 24.63 25.88 27.31 28.32
1914 28.55 27.72 26.89 26.54 26.17 25.79 25.51 25.03 24.54 26.20 27.05 28.14
1915 29.35 28.27 26.88 26.05 25.80 25.12 24.60 24.16 23.25 23.97 24.87 26.82
1916 28.73 27.50 26.10 25.00 24.36 23.75 23.50 23.10 22.91 24.32 25.39 26.23
1917 27.08 26.56 25.72 24.58 23.74 22.87 22.23 21.96 21.63 22.75 24.15 25.41
1918 26.59 25.98 25.57 25.49 25.49 25.11 25.13 25.13 24.48 25.66 26.17 27.05
1919 28.44 26.94 26.40 25.90 25.17 24.86 24.52 24.13 24.00 24.36 26.11 27.34
1920 27.97 27.29 26.71 26.53 26.30 25.70 25.12 24.56 23.84 24.38 25.13 26.29
1921 28.46 26.59 26.05 25.71 25.37 25.11 24.66 24.18 23.73 23.96 24.72 26.51
1922 27.44 26.80 26.30 26.20 25.99 25.29 23.96 22.90 22.09 22.41 23.17 24.36
1923 25.50 25.12 24.87 24.62 24.48 24.60 24.22 23.36 23.10 24.03 24.84 26.04
1924 27.20 26.00 24.98 24.35 24.10 23.83 23.51 23.27 23.04 23.36 24.75 26.72
1925 27.75 26.52 26.02 25.84 25.60 25.48 25.33 25.09 24.68 25.13 27.10 27.60
1926 28.72 27.82 26.25 25.21 24.37 23.83 23.21 22.69 22.21 23.77 24.17 26.29
1927 27.86 27.45 26.96 26.69 26.10 25.28 24.67 24.24 24.10 24.83 25.56 26.35
1928 27.31 27.26 27.21 26.56 26.29 25.70 25.18 24.49 24.19 24.83 25.65 27.02
1929 28.32 27.46 26.61 26.35 26.27 25.79 25.12 24.58 23.86 25.01 26.11 27.12
1930 28.02 27.52 27.03 26.82 26.65 26.64 26.10 25.30 24.61 25.14 25.47 25.92
1931 26.43 25.71 24.56 23.85 23.26 23.29 22.98 22.03 21.63 23.01 24.89 26.24
1932 27.58 26.26 25.04 24.11 23.52 23.02 22.92 22.80 22.62 23.30 25.00 26.46
1933 26.99 26.64 25.74 25.52 25.22 24.54 23.74 23.14 22.76 23.46 24.71 26.09
1934 27.16 26.29 25.87 25.49 25.16 25.12 25.12 25.09 24.93 25.36 26.11 27.04
1935 27.99 27.82 27.31 26.21 25.63 25.12 24.40 23.95 23.69 24.54 24.50 25.00
1936 26.44 26.09 25.71 25.52 25.56 25.46 25.35 24.70 24.32 25.40 26.80 27.34
1937 28.10 27.54 26.98 26.26 25.23 24.40 23.91 23.60 23.30 24.11 25.28 26.57
1938 27.49 26.68 26.24 25.85 25.18 24.72 24.30 23.94 23.63 24.32 25.19 26.75
1939 27.63 27.51 27.51 27.28 26.34 25.47 24.69 24.21 23.64 24.10 24.62 25.90
1940 27.73 27.65 27.10 26.73 26.66 26.28 25.89 25.51 25.15 25.76 26.18 27.32
1941 28.43 27.41 27.40 27.36 26.61 25.96 25.00 24.11 23.34 24.39 25.23 26.25
1942 28.29 27.45 26.23 25.79 25.57 24.49 24.43 24.14 23.71 24.40 25.28 26.65
1943 27.85 27.36 25.81 24.64 24.47 24.90 25.02 24.53 24.11 25.00 26.26 27.12
1944 27.47 26.82 26.39 26.00 25.58 25.09 24.56 24.28 24.11 24.54 25.04 26.08
1945 26.75 26.19 26.32 25.77 25.01 24.61 25.01 25.24 24.56 25.28 26.00 26.85
1946 27.70 27.15 26.46 25.60 25.24 25.02 24.69 24.15 23.35 24.36 25.31 26.33
1947 27.33 26.93 26.53 25.96 25.39 24.75 24.12 23.72 23.32 23.96 26.08 26.41
1948 27.54 26.88 25.94 25.43 25.26 25.24 24.94 24.44 23.71 24.43 26.23 27.44
1949 28.79 27.11 26.08 25.17 24.46 23.83 23.53 23.28 23.08 24.24 26.24 27.57
1950 28.06 27.17 26.50 25.38 24.12 23.97 24.28 24.04 23.50 24.65 26.40 27.81
1951 28.47 27.21 26.32 25.39 25.68 25.75 25.03 23.64 22.40 23.42 23.42 25.85
1952 27.57 27.01 26.86 26.13 25.39 25.18 25.04 24.41 23.16 24.27 25.49 26.46
1953 26.87 26.36 25.71 25.82 25.68 24.89 24.41 24.24 24.06 24.58 25.09 25.55
1954 26.00 24.78 24.17 24.23 24.42 24.60 24.11 23.37 22.80 23.47 24.95 26.35
1955 27.22 26.97 26.01 25.30 24.84 24.67 24.20 23.44 22.99 23.41 24.72 25.87
1956 26.11 25.75 25.44 25.24 25.05 24.52 23.97 23.28 22.43 23.65 24.76 26.19
1957 27.39 26.91 25.62 24.78 24.45 24.17 24.08 24.16 23.26 23.94 25.08 26.16
1958 26.86 25.98 25.29 24.73 24.88 25.06 24.62 24.33 22.69 23.24 23.79 24.76
1959 25.73 24.93 24.13 24.33 24.53 24.42 24.31 23.77 23.23 23.66 24.95 26.03
1960 26.74 26.28 25.06 24.99 25.21 25.49 25.35 24.69 23.58 23.66 24.70 25.43
1961 26.79 26.63 26.43 26.00 25.47 25.26 25.11 24.32 23.67 24.21 24.78 25.67
1962 26.28 26.02 25.49 24.92 24.28 23.63 23.60 23.50 22.86 24.36 25.69 26.81
1963 28.03 27.10 26.18 25.44 25.12 24.82 24.47 24.31 24.16 24.68 25.54 26.24
1964 27.42 26.59 25.75 25.02 24.52 24.27 24.14 24.03 23.85 24.59 26.14 26.67
1965 26.83 26.07 25.56 25.41 25.21 24.91 24.40 23.91 23.45 23.76 24.08 25.05
1966 26.02 25.83 25.70 25.76 25.54 25.19 25.03 24.68 24.37 25.28 25.18 25.31
1967 25.97 25.68 25.38 25.45 25.53 25.25 24.97 24.70 24.43 25.17 26.27 26.81
1968 27.92 27.16 26.29 25.94 25.93 25.79 25.21 24.39 24.07 25.16 27.18 27.97
1969 28.29 27.61 26.52 25.35 24.32 23.79 23.48 23.16 22.74 23.76 25.02 26.32
1970 26.85 26.14 25.44 24.78 24.69 24.61 23.96 23.19 22.82 23.41 24.50 26.41
1971 27.10 26.59 26.27 25.66 24.98 24.62 24.02 23.61 23.26 24.19 25.64 26.77
1972 27.51 26.70 26.08 26.15 26.11 25.72 25.40 24.69 23.99 24.66 25.29 25.70
1973 26.96 26.22 25.65 25.41 25.15 24.55 23.80 22.81 21.78 23.22 24.92 25.12
1974 26.04 25.60 25.23 24.93 24.73 24.34 23.73 23.00 22.20 23.33 24.40 25.43
1975 25.94 25.78 25.45 25.07 24.74 24.42 23.78 22.75 21.88 23.66 26.14 26.07
1976 26.92 26.56 26.28 26.14 25.70 25.42 25.21 24.88 24.42 25.27 25.57 27.25
1977 27.85 27.51 27.04 26.77 26.42 26.13 26.14 26.05 25.84 25.94 26.38 27.23
1978 27.82 27.36 26.65 26.02 25.47 25.15 24.93 24.76 24.64 25.06 25.39 26.32
1979 28.09 27.48 26.93 26.04 25.73 25.62 26.07 24.94 24.70 25.04 25.84 26.30
1980 27.09 25.98 25.27 25.29 25.49 25.62 25.63 24.69 23.83 24.92 25.68 26.30
1981 26.96 26.26 25.90 25.46 25.19 24.90 24.58 24.26 24.06 24.47 25.55 26.73
1982 27.39 26.61 26.31 26.07 26.05 25.98 25.85 25.72 25.59 25.79 26.17 26.70
1983 27.40 27.01 26.61 26.14 25.53 24.82 24.41 24.16 23.91 24.63 25.03 26.56
1984 27.31 27.02 26.68 26.30 25.94 25.49 24.93 24.41 24.06 24.84 25.77 26.64
1985 27.37 26.93 26.85 26.59 25.92 25.42 24.85 23.60 22.80 23.85 24.48 25.67
1986 27.46 26.88 26.30 25.73 24.84 23.95 23.34 22.92 22.64 23.31 24.76 26.08
1987 27.72 27.53 26.50 25.80 25.48 25.03 24.42 24.11 24.04 24.48 25.19 25.88
1988 26.56 25.99 25.28 24.96 24.86 24.80 24.34 23.19 21.55 23.49 25.36 26.53
1989 27.21 26.12 25.52 26.21 25.91 25.55 25.58 24.76 24.08 25.27 26.13 27.01
1990 27.94 27.62 27.50 27.32 27.19 26.76 26.13 25.37 24.83 25.10 25.76 26.62
1991 27.33 26.84 26.13 25.14 24.59 24.67 24.48 24.11 23.62 23.96 25.29 27.60
1992 28.20 27.75 27.20 26.81 26.84 26.09 25.48 25.03 24.80 25.81 26.01 26.57
1993 28.62 27.89 26.73 26.13 25.38 24.57 24.53 23.88 22.78 23.47 24.56 25.54
1994 26.80 26.30 25.83 25.51 25.07 24.77 24.87 24.49 24.13 24.91 26.12 27.85
1995 28.56 28.13 27.24 26.20 24.74 23.62 22.57 21.86 21.48 22.94 25.04 25.77
1996 26.32 25.88 25.26 25.24 24.65 24.42 24.31 23.19 22.15 22.92 23.76 27.03
1997 28.70 28.05 27.24 27.10 25.09 25.39 25.96 25.15 24.48 24.99 25.65 26.20
1998 27.04 26.34 25.52 25.10 24.01 23.52 23.58 22.72 21.83 23.66 24.81 25.57
1999 27.50 27.29 26.81 26.11 25.76 25.24 23.99 22.48 22.11 24.97 25.82 24.88
2000 26.15 26.18 25.75 25.54 25.52 25.62 25.27 24.83 23.99 24.72 25.68 26.78
2001 27.03 26.57 26.26 26.17 26.35 25.42 25.26 24.07 23.01 24.09 25.41 26.37
2002 26.96 26.57 26.27 26.61 26.67 25.86 25.16 24.96 24.59 25.35 25.95 26.46
2003 27.11 26.79 26.12 25.34 24.59 24.36 24.24 24.28 23.29 24.85 24.51 25.76
2004 27.98 27.78 27.25 27.18 26.60 25.79 26.08 26.24 25.01 25.97 26.48 26.47
2005 27.83 27.01 26.22 25.86 25.32 24.85 24.68 24.47 24.20 24.96 25.11 25.77
2006 26.38 25.20 25.00 25.33 25.70 25.54 25.38 25.10 24.58 24.66 24.74 N/A
