6.86
7.15
7.10
7.70
7.35
7.36
6.46
6.28
6.23
7.41
7.36
7.27
6.68
7.08
6.15
7.00
7.02
7.39
7.48
7.25
7.04
7.03
7.55
6.96
6.75
6.93
7.17
6.76
6.69
7.32
6.59
6.78
7.43
7.55
8.02
7.18
7.74
7.21
7.26
7.00
7.94
6.70
6.99
7.01
8.24
7.62
6.95
7.22
7.96
7.44
7.80
6.90
6.82
6.87
7.36
7.60
6.87
6.97
7.01
7.49
7.31
7.00
6.67
6.94
6.78
7.04
6.93
7.44
7.01
7.01
6.71
6.59
7.90
7.28
6.34
7.01
6.59
7.09
6.72
7.55
7.34
7.06
7.48
6.93
6.43
7.26
6.58
7.00
7.12
6.81
6.73
6.53
7.06
6.94
7.12
7.62
6.88
7.18
6.36
6.94
7.54
6.01
6.68
6.95
6.94
6.45
6.40
6.12
6.26
7.15
6.73
7.11
6.08
7.04
5.58
