Google Flu Trends - Australia
Copyright 2015 Google Inc.

Exported data may be used for any purpose, subject to the Google Terms of Service (http://www.google.com/accounts/TOS?hl=en_US).
If you choose to use the data, please attribute it to Google as follows: "Data Source: Google Flu Trends (http://www.google.org/flutrends)".

Each week begins on the Sunday (Pacific Time) indicated for the row.
Data for the current week will be updated each day until Saturday (Pacific Time).
Note: To open these files in a spreadsheet application, we recommend you save each text file as a CSV spreadsheet.
For more information, please visit http://www.google.org/flutrends

Date,Australia,Australian Capital Territory,New South Wales,Queensland,South Australia,Victoria,Western Australia
2006-01-01,163,,151,190,183,202,121
2006-01-08,174,104,170,189,162,169,214
2006-01-15,136,96,139,186,165,109,135
2006-01-22,121,143,119,142,107,129,99
2006-01-29,127,149,121,156,118,119,77
2006-02-05,164,107,194,170,137,148,99
2006-02-12,157,168,188,193,137,124,139
2006-02-19,197,166,217,228,174,235,121
2006-02-26,235,423,238,222,157,246,134
2006-03-05,278,346,294,386,212,252,190
2006-03-12,305,377,352,334,269,255,281
2006-03-19,261,279,334,231,275,189,181
2006-03-26,297,206,323,379,304,234,171
2006-04-02,356,352,417,319,349,317,167
2006-04-09,324,356,316,327,504,295,266
2006-04-16,281,192,290,261,296,268,242
2006-04-23,319,278,228,363,402,367,317
2006-04-30,367,356,284,408,228,352,451
2006-05-07,316,523,279,266,506,320,309
2006-05-14,382,265,323,331,581,441,495
2006-05-21,432,410,391,368,330,462,632
2006-05-28,425,511,366,414,476,494,513
2006-06-04,406,625,317,397,402,460,474
2006-06-11,410,403,403,400,274,492,424
2006-06-18,476,656,448,391,473,528,577
2006-06-25,523,585,540,497,446,557,457
2006-07-02,567,578,611,434,612,613,535
2006-07-09,512,535,505,418,609,497,399
2006-07-16,621,1065,657,441,492,762,560
2006-07-23,670,708,594,537,663,872,669
2006-07-30,742,687,638,607,694,904,752
2006-08-06,765,1302,692,814,654,823,425
2006-08-13,796,863,824,695,879,928,472
2006-08-20,704,761,756,845,909,685,296
2006-08-27,749,677,794,864,1100,714,429
2006-09-03,570,652,610,696,586,500,424
2006-09-10,507,696,550,511,535,448,485
2006-09-17,457,509,512,582,451,341,345
2006-09-24,356,326,378,368,451,323,293
2006-10-01,274,217,302,268,274,258,261
2006-10-08,281,432,274,375,274,225,324
2006-10-15,253,153,240,286,393,216,251
2006-10-22,219,218,205,228,377,213,177
2006-10-29,222,311,215,215,357,224,139
2006-11-05,184,171,167,215,178,182,198
2006-11-12,211,177,211,291,177,183,214
2006-11-19,178,213,184,236,146,168,129
2006-11-26,130,113,132,137,127,139,94
2006-12-03,128,198,146,136,80,105,139
2006-12-10,113,262,120,107,101,114,94
2006-12-17,121,197,162,122,60,104,148
2006-12-24,165,194,203,169,119,148,124
2006-12-31,136,119,142,87,71,119,50
2007-01-07,128,135,133,111,43,83,84
2007-01-14,109,75,153,73,40,54,50
2007-01-21,99,42,90,82,46,78,72
2007-01-28,105,53,133,73,45,61,51
2007-02-04,134,102,147,98,75,90,87
2007-02-11,138,80,136,126,59,92,92
2007-02-18,163,74,167,156,90,133,82
2007-02-25,193,70,223,175,74,134,122
2007-03-04,222,69,228,162,106,176,140
2007-03-11,242,269,276,229,109,140,109
2007-03-18,235,185,248,192,188,171,108
2007-03-25,281,131,262,307,262,210,131
2007-04-01,191,348,202,222,324,143,133
2007-04-08,232,532,275,175,283,213,211
2007-04-15,314,1004,329,362,244,267,229
2007-04-22,274,277,281,257,406,224,295
2007-04-29,340,421,347,374,398,281,246
2007-05-06,362,334,385,247,374,343,424
2007-05-13,382,652,317,342,717,359,447
2007-05-20,480,514,440,436,502,403,772
2007-05-27,477,327,500,476,406,492,440
2007-06-03,520,611,569,495,489,521,374
2007-06-10,578,550,623,547,646,493,615
2007-06-17,607,901,715,521,642,508,513
2007-06-24,632,1048,802,488,538,435,874
2007-07-01,1065,1569,1610,955,861,559,1360
2007-07-08,1300,2376,1966,1096,972,820,1693
2007-07-15,1495,4044,2135,1569,847,848,1943
2007-07-22,1566,5454,1853,2361,1254,973,1302
2007-07-29,2027,4037,1979,3771,1783,1451,1182
2007-08-05,2680,6175,2549,5398,2386,2312,1240
2007-08-12,2854,7172,2440,4504,3383,3229,2118
2007-08-19,1993,6901,1477,3715,3632,2695,2019
2007-08-26,1345,2050,1032,2587,2020,2042,1324
2007-09-02,847,1416,629,1653,1115,1234,1210
2007-09-09,685,769,532,1204,871,991,848
2007-09-16,574,629,512,621,602,795,669
2007-09-23,499,557,520,581,417,492,585
2007-09-30,392,361,333,348,268,445,375
2007-10-07,379,450,289,372,320,390,375
2007-10-14,371,346,307,334,426,379,281
2007-10-21,276,436,225,260,221,245,238
2007-10-28,285,291,238,194,235,235,217
2007-11-04,224,197,185,156,97,165,190
2007-11-11,202,104,190,138,64,202,74
2007-11-18,202,94,219,131,56,139,111
2007-11-25,172,126,144,133,57,148,59
2007-12-02,156,110,130,100,53,145,68
2007-12-09,123,96,118,70,44,87,51
2007-12-16,152,78,144,128,43,92,68
2007-12-23,131,83,129,84,35,71,36
2007-12-30,141,189,160,121,42,125,64
2008-01-06,167,221,172,209,56,175,140
2008-01-13,108,181,119,105,48,122,71
2008-01-20,107,132,146,105,57,111,108
2008-01-27,126,144,155,120,81,92,108
2008-02-03,141,166,138,192,127,96,104
2008-02-10,144,186,162,181,126,108,89
2008-02-17,185,186,237,181,148,142,112
2008-02-24,206,215,204,267,122,178,172
2008-03-02,269,230,263,363,228,234,205
2008-03-09,293,308,351,340,234,223,216
2008-03-16,214,431,237,268,98,166,183
2008-03-23,258,336,245,376,223,227,184
2008-03-30,252,247,281,293,277,199,181
2008-04-06,288,306,292,299,288,273,201
2008-04-13,325,337,315,427,340,301,192
2008-04-20,323,523,302,424,374,298,202
2008-04-27,448,585,471,464,380,431,362
2008-05-04,472,404,489,524,363,478,376
2008-05-11,488,529,476,515,460,475,541
2008-05-18,487,472,472,490,504,397,633
2008-05-25,497,320,474,525,521,479,660
2008-06-01,448,308,431,547,540,455,264
2008-06-08,467,406,575,441,453,372,324
2008-06-15,475,564,542,467,491,413,362
2008-06-22,454,465,557,420,285,423,330
2008-06-29,406,495,486,331,278,337,455
2008-07-06,503,550,576,524,437,388,514
2008-07-13,523,513,537,560,623,427,463
2008-07-20,534,739,529,631,469,472,436
2008-07-27,657,813,661,739,472,576,492
2008-08-03,827,844,932,1111,410,779,551
2008-08-10,1396,1601,1708,1568,997,1101,759
2008-08-17,1612,1548,1646,2122,1033,1496,935
2008-08-24,2282,2987,2187,3709,1440,2117,1333
2008-08-31,2017,2212,1611,2997,1729,2073,1534
2008-09-07,1340,1313,1032,1678,1367,1511,1216
2008-09-14,976,987,786,860,1155,1225,1072
2008-09-21,683,825,541,545,954,816,821
2008-09-28,515,678,351,466,788,605,765
2008-10-05,389,383,272,409,517,499,528
2008-10-12,371,297,314,360,504,367,536
2008-10-19,326,323,277,320,423,339,418
2008-10-26,317,531,274,385,302,299,313
2008-11-02,275,439,266,297,309,226,321
2008-11-09,284,349,241,272,333,268,446
2008-11-16,232,334,185,260,252,226,326
2008-11-23,202,340,163,219,210,225,224
2008-11-30,184,259,184,197,179,175,166
2008-12-07,144,207,133,169,129,138,132
2008-12-14,139,150,124,154,191,152,112
2008-12-21,141,138,132,198,152,119,124
2008-12-28,174,142,164,168,127,192,103
2009-01-04,157,128,163,174,191,142,122
2009-01-11,126,167,119,154,117,128,100
2009-01-18,102,146,117,117,100,83,71
2009-01-25,90,115,101,121,100,68,74
2009-02-01,91,97,92,124,85,66,93
2009-02-08,98,75,109,107,70,75,106
2009-02-15,124,85,128,136,139,95,93
2009-02-22,145,147,162,112,133,113,163
2009-03-01,188,255,192,192,175,143,168
2009-03-08,218,203,226,218,236,214,154
2009-03-15,211,205,199,267,196,199,180
2009-03-22,204,216,188,291,230,174,158
2009-03-29,227,203,200,250,268,224,155
2009-04-05,188,182,184,218,196,166,190
2009-04-12,188,189,174,244,175,181,134
2009-04-19,239,338,225,277,315,238,147
2009-04-26,429,377,432,506,705,374,283
2009-05-03,402,517,365,457,885,409,287
2009-05-10,438,394,434,502,741,401,332
2009-05-17,504,504,418,474,864,639,344
2009-05-24,849,1360,666,839,1442,1391,413
2009-05-31,986,1655,760,873,1634,1676,529
2009-06-07,1056,1494,766,982,1232,1691,705
2009-06-14,1176,1931,967,915,1204,2012,635
2009-06-21,1271,974,1351,760,967,2033,532
2009-06-28,1562,2202,2587,757,1121,1445,397
2009-07-05,1590,2084,2994,1213,1110,867,562
2009-07-12,1589,2672,2477,1899,1482,754,862
2009-07-19,1316,2837,1377,2279,1418,721,1035
2009-07-26,1115,2282,874,2180,1631,618,1480
2009-08-02,869,1117,584,1566,1589,548,1856
2009-08-09,657,861,429,1011,1589,478,1125
2009-08-16,615,760,420,886,1320,522,853
2009-08-23,472,512,350,592,928,403,700
2009-08-30,365,463,286,363,672,370,454
2009-09-06,385,433,310,311,834,409,520
2009-09-13,299,340,237,271,504,301,409
2009-09-20,218,265,168,206,376,229,351
2009-09-27,193,199,160,177,302,208,252
2009-10-04,213,175,144,251,359,221,311
2009-10-11,242,235,184,221,409,266,272
2009-10-18,203,303,157,204,368,189,283
2009-10-25,193,330,149,203,298,196,176
2009-11-01,167,353,148,173,269,161,147
2009-11-08,144,270,127,139,227,144,126
2009-11-15,158,212,136,145,246,174,144
2009-11-22,118,179,126,90,161,126,89
2009-11-29,96,165,97,67,110,106,100
2009-12-06,90,138,90,67,78,99,86
2009-12-13,80,108,72,68,107,89,70
2009-12-20,72,100,61,67,118,87,58
2009-12-27,68,104,61,59,98,76,50
2010-01-03,75,96,69,67,96,82,62
2010-01-10,61,87,55,70,72,64,66
2010-01-17,57,82,55,67,50,57,49
2010-01-24,53,71,49,60,49,53,46
2010-01-31,71,73,64,98,77,72,74
2010-02-07,84,70,78,88,95,79,75
2010-02-14,93,68,93,121,80,81,60
2010-02-21,136,114,139,150,89,119,132
2010-02-28,138,110,147,147,115,124,126
2010-03-07,167,163,172,167,234,144,121
2010-03-14,174,200,194,178,142,153,115
2010-03-21,158,272,134,216,124,158,149
2010-03-28,122,216,105,156,102,118,137
2010-04-04,125,178,107,145,96,142,113
2010-04-11,167,171,140,186,104,201,152
2010-04-18,170,185,129,164,119,206,186
2010-04-25,211,225,172,211,149,233,233
2010-05-02,214,212,159,229,250,240,219
2010-05-09,280,275,260,233,234,292,239
2010-05-16,316,319,273,291,389,363,291
2010-05-23,319,369,313,293,400,360,340
2010-05-30,230,272,221,213,221,257,218
2010-06-06,337,358,288,283,407,445,254
2010-06-13,307,333,246,333,399,361,293
2010-06-20,281,406,262,261,310,294,289
2010-06-27,265,352,262,209,322,268,326
2010-07-04,245,378,221,259,233,229,288
2010-07-11,323,391,280,382,322,336,336
2010-07-18,357,438,285,397,370,372,427
2010-07-25,379,405,320,348,303,450,463
2010-08-01,434,410,392,398,463,512,464
2010-08-08,460,558,360,412,463,528,623
2010-08-15,536,605,421,536,536,646,597
2010-08-22,563,693,438,533,615,705,499
2010-08-29,543,690,385,533,591,691,619
2010-09-05,516,561,372,532,897,647,484
2010-09-12,471,482,333,394,982,601,551
2010-09-19,405,531,288,317,891,451,679
2010-09-26,367,548,253,305,738,462,488
2010-10-03,316,552,239,259,623,392,290
2010-10-10,287,424,215,270,661,322,261
2010-10-17,240,328,171,257,413,287,251
2010-10-24,214,261,161,248,256,279,153
2010-10-31,221,265,182,252,246,239,201
2010-11-07,206,308,185,202,192,250,134
2010-11-14,180,297,158,192,190,203,124
2010-11-21,150,248,123,165,199,182,117
2010-11-28,124,233,97,191,171,145,138
2010-12-05,110,202,96,117,131,120,85
2010-12-12,102,179,94,120,103,114,67
2010-12-19,111,158,99,125,99,115,81
2010-12-26,100,138,95,106,99,114,62
2011-01-02,118,155,118,140,85,122,64
2011-01-09,103,176,120,82,83,109,61
2011-01-16,104,172,103,133,84,95,78
2011-01-23,96,157,95,137,75,85,49
2011-01-30,92,172,87,128,77,84,61
2011-02-06,108,169,97,164,88,105,61
2011-02-13,134,179,124,190,96,129,78
2011-02-20,154,172,167,207,109,130,100
2011-02-27,192,169,168,220,212,198,150
2011-03-06,210,203,189,250,208,209,148
2011-03-13,198,235,194,255,192,180,155
2011-03-20,212,243,208,248,302,191,143
2011-03-27,201,207,181,272,205,189,159
2011-04-03,228,232,214,301,177,221,193
2011-04-10,254,343,211,396,245,240,151
2011-04-17,170,300,178,214,198,148,102
2011-04-24,192,261,196,215,223,196,96
2011-05-01,244,297,216,345,254,238,122
2011-05-08,275,378,262,373,337,244,137
2011-05-15,315,387,316,428,299,292,182
2011-05-22,299,365,288,383,367,291,160
2011-05-29,349,415,293,425,406,365,237
2011-06-05,364,439,352,476,404,338,227
2011-06-12,381,604,369,764,701,280,305
2011-06-19,503,781,493,617,709,401,325
2011-06-26,422,716,427,460,515,386,337
2011-07-03,356,609,419,419,425,269,207
2011-07-10,356,684,335,553,322,282,289
2011-07-17,381,535,388,650,460,300,321
2011-07-24,391,370,348,592,472,304,372
2011-07-31,442,322,366,738,432,390,337
2011-08-07,397,388,342,594,456,352,287
2011-08-14,332,356,268,442,378,374,220
2011-08-21,291,279,264,347,278,291,238
2011-08-28,302,264,250,305,331,332,280
2011-09-04,273,266,232,294,306,300,252
2011-09-11,261,231,196,314,320,297,288
2011-09-18,266,202,209,262,295,339,296
2011-09-25,296,164,252,275,344,347,329
2011-10-02,246,186,211,232,210,304,269
2011-10-09,274,202,262,215,266,335,217
2011-10-16,285,221,249,237,376,336,305
2011-10-23,266,231,275,222,262,287,233
2011-10-30,246,229,237,210,256,284,210
2011-11-06,235,199,216,197,301,291,190
2011-11-13,220,178,227,162,240,241,228
2011-11-20,202,159,207,160,171,235,186
2011-11-27,189,168,181,169,179,214,188
2011-12-04,188,144,219,141,127,206,141
2011-12-11,177,146,200,134,137,191,111
2011-12-18,207,145,255,187,127,204,149
2011-12-25,141,152,180,111,98,143,99
2012-01-01,156,147,185,145,82,154,95
2012-01-08,122,139,137,102,78,126,97
2012-01-15,100,125,116,90,81,92,74
2012-01-22,85,117,103,68,63,84,66
2012-01-29,95,101,99,95,59,92,94
2012-02-05,117,96,119,117,81,125,90
2012-02-12,153,99,150,129,104,179,119
2012-02-19,174,95,177,154,90,183,155
2012-02-26,216,125,202,184,125,213,203
2012-03-04,251,162,285,189,178,248,200
2012-03-11,271,206,297,187,230,307,228
2012-03-18,300,261,329,195,271,346,202
2012-03-25,333,259,414,253,231,303,284
2012-04-01,265,230,368,182,121,254,169
2012-04-08,272,217,359,176,132,267,213
2012-04-15,299,298,392,220,203,269,201
2012-04-22,245,312,317,156,191,233,186
2012-04-29,298,253,382,192,275,282,218
2012-05-06,343,210,390,246,266,378,207
2012-05-13,444,252,448,337,371,542,310
2012-05-20,511,394,589,335,456,601,330
2012-05-27,594,434,663,385,681,691,394
2012-06-03,666,398,733,450,663,789,452
2012-06-10,738,381,871,529,790,862,374
2012-06-17,989,789,1178,534,1042,1090,633
2012-06-24,1156,1112,1262,630,932,1436,898
2012-07-01,1658,1876,1583,1205,2224,1894,1374
2012-07-08,1977,3288,1814,1377,2208,2212,2405
2012-07-15,1571,1930,1168,1386,1662,1489,1267
2012-07-22,1395,1053,1185,1586,1206,1190,1756
2012-07-29,1300,682,1359,1843,1206,964,1473
2012-08-05,1383,606,1404,2654,1315,986,1174
2012-08-12,1389,641,1325,2783,1148,1138,1003
2012-08-19,1270,649,1245,2235,1039,1130,821
2012-08-26,1191,707,935,2021,1164,1050,686
2012-09-02,823,557,781,1081,881,729,591
2012-09-09,644,389,737,628,648,595,508
2012-09-16,495,286,530,432,592,521,396
2012-09-23,361,289,344,316,374,434,293
2012-09-30,320,260,259,303,309,418,326
2012-10-07,301,212,264,275,377,379,250
2012-10-14,267,221,223,238,352,339,227
2012-10-21,221,204,199,187,243,282,171
2012-10-28,227,182,195,219,238,307,134
2012-11-04,198,162,172,195,245,239,139
2012-11-11,205,157,187,164,191,270,172
2012-11-18,169,139,162,136,162,207,128
2012-11-25,154,147,146,165,144,184,92
2012-12-02,144,145,143,131,124,180,92
2012-12-09,137,145,133,125,118,161,93
2012-12-16,146,147,147,117,119,178,116
2012-12-23,158,128,153,152,175,185,113
2012-12-30,155,128,173,135,134,153,130
2013-01-06,156,129,159,140,134,173,128
2013-01-13,152,135,155,140,121,175,135
2013-01-20,122,110,128,112,103,124,123
2013-01-27,131,96,134,109,162,140,123
2013-02-03,144,98,156,160,159,136,109
2013-02-10,144,98,161,159,124,144,100
2013-02-17,181,89,216,163,195,178,130
2013-02-24,188,104,211,213,179,153,159
2013-03-03,210,137,204,241,199,203,192
2013-03-10,231,175,253,284,195,197,201
2013-03-17,275,220,269,318,260,263,226
2013-03-24,236,186,254,222,244,236,232
2013-03-31,277,181,276,263,270,284,320
2013-04-07,286,213,327,238,252,286,293
2013-04-14,293,244,322,256,250,310,247
2013-04-21,272,233,308,244,225,307,176
2013-04-28,305,207,337,258,264,346,213
2013-05-05,379,258,407,320,293,469,194
2013-05-12,393,321,364,391,352,447,364
2013-05-19,443,314,402,475,362,552,325
2013-05-26,475,299,449,506,359,535,476
2013-06-02,506,316,462,523,596,536,472
2013-06-09,513,374,486,467,523,598,408
2013-06-16,507,303,503,453,518,616,366
2013-06-23,505,256,457,439,652,648,400
2013-06-30,492,274,509,399,494,597,408
2013-07-07,508,321,530,398,468,611,434
2013-07-14,528,391,566,396,469,641,411
2013-07-21,575,477,672,464,460,645,377
2013-07-28,684,561,806,618,476,738,466
2013-08-04,764,578,921,661,527,880,456
2013-08-11,788,735,917,567,592,996,443
2013-08-18,914,748,1189,619,627,996,643
2013-08-25,932,946,1083,644,738,1136,623
2013-09-01,719,661,715,566,618,888,628
2013-09-08,661,485,605,542,734,833,588
2013-09-15,542,450,429,462,600,729,558
2013-09-22,438,297,333,322,584,609,547
2013-09-29,371,225,271,267,504,482,637
2013-10-06,317,176,247,256,420,394,461
2013-10-13,288,158,210,247,411,396,361
2013-10-20,269,148,179,227,418,394,356
2013-10-27,270,158,172,266,481,370,314
2013-11-03,261,161,184,230,485,347,298
2013-11-10,235,176,164,196,389,348,225
2013-11-17,205,161,158,158,314,301,175
2013-11-24,198,142,146,177,367,288,147
2013-12-01,185,122,155,179,257,229,156
2013-12-08,171,115,138,158,292,222,117
2013-12-15,149,100,128,140,199,181,139
2013-12-22,135,91,105,118,170,187,115
2013-12-29,148,83,119,119,199,203,133
2014-01-05,154,90,147,132,158,209,149
2014-01-12,125,91,112,144,112,139,140
2014-01-19,120,78,109,151,120,118,127
2014-01-26,116,64,115,131,123,109,130
2014-02-02,113,52,108,146,110,109,131
2014-02-09,132,61,132,154,137,125,118
2014-02-16,145,72,158,150,165,136,138
2014-02-23,182,85,189,188,259,183,132
2014-03-02,215,111,230,204,231,234,142
2014-03-09,242,129,244,267,224,265,168
2014-03-16,268,190,255,323,250,288,173
2014-03-23,300,183,283,326,330,340,196
2014-03-30,292,146,275,321,370,329,214
2014-04-06,289,144,303,262,270,326,245
2014-04-13,271,152,298,231,282,292,206
2014-04-20,308,218,319,269,265,359,258
2014-04-27,390,306,412,327,503,482,284
2014-05-04,410,257,414,402,329,485,318
2014-05-11,485,217,470,449,430,618,388
2014-05-18,492,265,477,472,448,625,368
2014-05-25,520,359,440,579,466,661,442
2014-06-01,515,332,474,422,409,681,523
2014-06-08,599,373,499,534,700,803,568
2014-06-15,719,398,633,607,780,1010,555
2014-06-22,714,395,633,726,705,893,592
2014-06-29,729,371,692,650,718,821,805
2014-07-06,927,536,974,885,869,890,987
2014-07-13,1078,561,1095,1244,1137,941,946
2014-07-20,1259,888,1344,1637,1149,1082,929
2014-07-27,1559,1066,1806,2190,1227,1315,866
2014-08-03,1841,972,2067,2827,1761,1390,1081
2014-08-10,2387,2054,2668,3440,3816,1881,1218
2014-08-17,2338,1733,2241,3096,5236,2115,1296
2014-08-24,2071,1369,1788,2387,6717,1985,1249
2014-08-31,1611,972,1237,1988,5444,1705,901
2014-09-07,1370,1004,1014,1732,4581,1458,750
2014-09-14,981,701,695,1163,3324,1048,689
2014-09-21,741,509,523,725,2254,913,601
2014-09-28,511,392,406,464,1163,603,463
2014-10-05,415,262,294,415,861,552,466
2014-10-12,346,159,276,335,625,416,348
2014-10-19,318,150,253,320,475,377,322
2014-10-26,311,180,278,300,390,382,254
2014-11-02,275,156,241,244,440,333,263
2014-11-09,233,176,187,201,328,310,231
2014-11-16,197,151,168,166,278,244,199
2014-11-23,165,126,139,176,223,188,169
2014-11-30,188,92,156,189,245,233,175
2014-12-07,179,71,153,163,212,241,175
2014-12-14,164,67,142,169,157,202,140
2014-12-21,191,85,207,183,236,232,201
2014-12-28,204,112,197,201,173,252,195
2015-01-04,186,105,164,211,166,217,153
2015-01-11,158,92,143,205,166,163,134
2015-01-18,155,77,162,172,135,167,106
2015-01-25,147,79,165,172,120,139,117
2015-02-01,152,77,158,209,149,153,110
2015-02-08,169,67,201,194,163,145,115
2015-02-15,207,84,213,204,223,216,191
2015-02-22,259,91,263,320,238,278,196
2015-03-01,298,127,297,361,204,334,233
2015-03-08,276,130,286,311,243,288,240
2015-03-15,329,181,335,343,375,352,213
2015-03-22,389,223,367,431,414,383,419
2015-03-29,310,246,308,353,348,300,258
2015-04-05,404,254,410,463,473,395,290
2015-04-12,449,315,497,514,497,469,223
2015-04-19,432,296,384,453,544,533,284
2015-04-26,424,268,379,488,487,487,293
2015-05-03,492,290,514,543,479,509,324
2015-05-10,610,288,624,639,541,694,449
2015-05-17,645,371,648,614,646,737,486
2015-05-24,674,418,652,668,915,722,556
2015-05-31,760,447,802,647,805,853,544
2015-06-07,767,563,789,694,829,867,568
2015-06-14,757,579,742,699,821,854,645
2015-06-21,913,625,871,798,1208,1036,757
2015-06-28,923,905,967,825,1157,971,797
2015-07-05,1211,1202,1181,1220,1468,1259,1025
2015-07-12,1135,1140,1009,1426,1185,1111,1256
2015-07-19,1274,1156,1128,1567,1578,1197,1207
2015-07-26,1411,781,1282,2014,1547,1356,1105
2015-08-02,1823,767,1636,2544,2297,1967,970
2015-08-09,2216,1057,1981,3283,2695,2259,1317