Google Flu Trends - Canada
Copyright 2015 Google Inc.

Exported data may be used for any purpose, subject to the Google Terms of Service (http://www.google.com/accounts/TOS?hl=en_US).
If you choose to use the data, please attribute it to Google as follows: "Data Source: Google Flu Trends (http://www.google.org/flutrends)".

Each week begins on the Sunday (Pacific Time) indicated for the row.
Data for the current week will be updated each day until Saturday (Pacific Time).
Note: To open these files in a spreadsheet application, we recommend you save each text file as a CSV spreadsheet.
For more information, please visit http://www.google.org/flutrends

Date,Canada,Alberta,British Columbia,Manitoba,New Brunswick,Newfoundland and Labrador,Nova Scotia,Ontario,Saskatchewan,Quebec
2003-09-28,1280,,1353,,,,,1349,,960
2003-10-05,1339,2309,1161,1977,,,,1323,,1278
2003-10-12,1451,2615,1546,2313,,,,1119,,1344
2003-10-19,1593,2910,1813,1958,,,1805,1213,,1377
2003-10-26,1895,4793,1883,1560,1600,,1955,1492,3076,1138
2003-11-02,1995,4046,2341,3915,1602,,1819,1515,5124,1318
2003-11-09,2335,4561,2933,3332,1659,2280,2157,1675,5106,1676
2003-11-16,2731,5153,4054,5457,1726,2126,2789,2616,4186,1595
2003-11-23,3138,4990,4492,6033,2587,2247,3173,3346,4086,1936
2003-11-30,4229,4396,6261,5861,3921,2198,5128,5161,3710,2148
2003-12-07,5303,3784,6341,4743,8645,2058,5978,7114,3075,2882
2003-12-14,7531,4575,8200,4523,7865,2408,6233,10278,3691,3380
2003-12-21,7014,5033,6185,4878,8943,2557,8247,9802,4107,3599
2003-12-28,4950,3750,3906,3410,7092,9738,7480,6056,4257,3157
2004-01-04,3649,3751,3252,2987,9049,10215,6616,3782,2886,2439
2004-01-11,2866,2239,2421,2836,4629,7068,4969,2911,2715,2410
2004-01-18,2230,2575,1814,2767,3541,5875,4107,2190,2031,2127
2004-01-25,2155,1811,1381,2225,3238,4485,3126,2065,1692,2833
2004-02-01,1699,1542,1569,1884,2836,3840,2402,1526,1440,1917
2004-02-08,1649,1181,1071,1721,2390,3168,2418,1833,1341,1789
2004-02-15,1700,1223,1696,1877,1911,2803,2470,1754,1642,1555
2004-02-22,1580,1585,1536,1432,1732,2269,2251,1696,1377,1513
2004-02-29,1427,1112,1393,1072,1668,2286,1897,1525,1512,1309
2004-03-07,1409,1530,1248,935,1882,2167,1567,1562,1338,1152
2004-03-14,1404,1302,1640,1375,1936,1867,1590,1341,1319,1308
2004-03-21,1424,1719,1252,1490,1980,1842,2160,1522,1532,1013
2004-03-28,1111,1107,984,1357,1677,1976,2373,1092,1516,823
2004-04-04,1178,1169,870,1182,1698,1896,1656,1165,1355,1256
2004-04-11,1425,1349,1219,1612,1673,1887,1433,1464,1313,1266
2004-04-18,1163,840,1145,1870,1336,1874,1221,1055,1172,1365
2004-04-25,1043,1102,1118,1382,1222,1742,1478,1075,1007,984
2004-05-02,786,842,848,1196,1160,1606,1363,730,930,637
2004-05-09,895,1275,738,1237,1097,1456,1122,757,1023,640
2004-05-16,684,817,561,1006,1006,1409,1037,674,1246,575
2004-05-23,743,926,675,814,811,1292,960,779,1476,631
2004-05-30,1041,1217,1018,628,905,1289,904,934,1850,994
2004-06-06,792,876,723,624,955,1191,878,733,1513,802
2004-06-13,819,668,853,672,1189,1089,883,920,1468,389
2004-06-20,755,828,763,1118,1196,1077,823,717,1545,398
2004-06-27,711,933,520,1573,1451,1015,906,625,1426,572
2004-07-04,752,785,740,1479,1555,1144,940,755,1224,631
2004-07-11,663,717,763,1171,1423,1375,1033,740,1190,245
2004-07-18,699,727,811,1112,1242,1225,1111,835,1123,159
2004-07-25,528,858,470,861,1017,1217,932,570,1010,366
2004-08-01,631,832,498,849,844,1404,898,594,1046,351
2004-08-08,651,903,601,932,877,1328,735,628,959,525
2004-08-15,810,1196,704,1041,740,1161,715,941,884,505
2004-08-22,671,873,774,1059,684,1087,789,585,904,491
2004-08-29,755,1093,601,1053,633,1114,885,694,1344,635
2004-09-05,1014,1388,1319,766,561,1275,789,898,1259,781
2004-09-12,1042,1508,977,1035,621,1134,1081,1063,1340,633
2004-09-19,1407,1505,1524,1964,917,1071,1188,1317,1807,1149
2004-09-26,1656,1580,1922,1577,1624,1200,1410,1590,1736,1587
2004-10-03,1544,1246,1488,1362,2000,1144,1953,1550,1928,1528
2004-10-10,1675,1632,1768,1845,1707,1774,2172,1900,1503,1178
2004-10-17,1924,2186,2053,2515,1488,1696,2042,2044,1885,1596
2004-10-24,2014,2201,2332,2334,2158,1777,2494,1960,2272,1391
2004-10-31,2207,2252,2421,2573,2401,2143,2400,2360,2232,1459
2004-11-07,2245,2234,2204,2148,2259,1998,2130,2443,2550,1955
2004-11-14,2237,2186,2131,2243,2363,1797,2086,2396,2815,2113
2004-11-21,2156,2827,2080,2099,2918,1535,2202,2334,2317,1469
2004-11-28,2345,2292,2139,2082,2434,1379,1833,2583,2105,2112
2004-12-05,2457,2639,2605,1766,2450,1399,1837,2570,2450,2211
2004-12-12,2722,2475,2715,2275,2214,1451,2932,2963,2887,2014
2004-12-19,3099,3504,3296,2355,2657,1383,3032,3182,3012,2703
2004-12-26,3586,3511,4039,2191,2431,1499,4640,3520,3261,3633
2005-01-02,3761,2905,4284,3921,2919,2135,4415,3500,3083,4463
2005-01-09,3120,2594,3138,3334,3502,3055,4277,2968,3172,3377
2005-01-16,3123,2423,3092,3324,3503,2789,4017,3210,3454,3066
2005-01-23,3276,2492,2888,3911,4098,3258,4219,3540,3040,3147
2005-01-30,3392,2529,2594,3104,5387,4166,4267,3825,3995,2951
2005-02-06,3526,2500,2484,3667,4786,4984,3920,4381,3506,2735
2005-02-13,3274,2343,1974,3606,4668,5209,4664,4245,2728,2273
2005-02-20,3658,2416,3417,4092,4001,5454,4167,4463,2782,2331
2005-02-27,3527,2927,3071,3850,3952,5157,3794,4390,2611,1998
2005-03-06,2927,2786,2797,3400,5319,5098,3371,3460,3130,1400
2005-03-13,2786,2162,2197,3259,4010,4116,3096,3519,2665,1812
2005-03-20,2438,2513,2153,2853,3425,3803,2249,2834,2470,1614
2005-03-27,2370,2589,2029,2797,3117,3334,2576,2493,2952,2152
2005-04-03,2036,1836,1879,2429,3253,2610,3143,2109,2500,1698
2005-04-10,1715,1790,1749,2117,3292,2348,2981,1683,1866,1455
2005-04-17,1509,1569,1690,1695,2467,2217,1950,1488,1750,1351
2005-04-24,1509,1809,1552,1534,2274,1905,1684,1465,2240,1224
2005-05-01,1451,1508,1457,1353,2258,1910,1599,1483,2100,1125
2005-05-08,1524,1414,1329,1303,3157,1648,1367,1580,1975,1302
2005-05-15,1262,1280,1167,1261,2546,1608,1305,1270,1725,1066
2005-05-22,1182,1351,1377,1178,1878,1563,1331,1020,1594,1080
2005-05-29,1110,1100,1077,1247,1566,1453,1459,1048,1589,827
2005-06-05,878,1083,1056,991,1373,1437,1372,797,1208,595
2005-06-12,777,924,897,968,1378,1726,1108,591,1220,590
2005-06-19,944,1042,1215,1160,1546,1525,1153,828,1072,566
2005-06-26,748,998,797,1095,1430,1507,1135,703,902,566
2005-07-03,892,838,912,1271,1192,1629,930,821,855,899
2005-07-10,812,1187,796,1127,1021,1368,1052,785,975,444
2005-07-17,639,880,882,1007,916,1393,809,541,921,544
2005-07-24,732,864,752,1001,879,1232,643,669,882,334
2005-07-31,705,942,594,1247,881,1105,830,684,1062,532
2005-08-07,745,1093,840,1059,879,1124,917,696,1078,555
2005-08-14,665,1330,621,835,763,1045,804,606,1160,492
2005-08-21,835,792,1048,885,730,888,803,794,1098,673
2005-08-28,936,1423,783,1047,1003,941,713,788,1159,720
2005-09-04,1050,1093,1104,1460,1200,868,684,987,1452,929
2005-09-11,1169,1233,1231,1645,1083,859,858,1093,1683,1064
2005-09-18,1424,1343,1539,2183,1037,1009,1278,1523,1612,1126
2005-09-25,1642,1443,1646,1792,1385,1919,1842,1665,1749,1416
2005-10-02,1758,1463,1664,1641,1587,3500,1853,1767,2400,1506
2005-10-09,1786,1629,1572,2147,2516,3269,1939,1789,2313,1496
2005-10-16,2048,1885,1685,2102,2204,2829,3324,2193,2149,1719
2005-10-23,2054,2027,1796,1814,2020,2484,2808,2214,1881,1681
2005-10-30,2305,1813,2051,2638,1739,2060,2926,2613,2161,2024
2005-11-06,2131,2251,1875,2554,2005,1727,2547,2425,2087,1424
2005-11-13,2433,3200,2058,3340,2315,1738,2576,2497,2274,1780
2005-11-20,2387,3407,1981,2991,2258,1817,2797,2346,2514,1976
2005-11-27,2134,2515,2024,2601,2243,1732,3065,2125,2658,1636
2005-12-04,2256,3066,2718,2109,2327,1915,2148,2186,2083,1554
2005-12-11,2321,3706,2874,2200,2627,1990,1718,2111,2028,1676
2005-12-18,2480,3321,3256,2494,2438,2561,2075,2178,2931,1670
2005-12-25,2697,3745,3587,2214,3066,3138,2417,2294,3224,2273
2006-01-01,2915,3624,3161,2197,2952,3222,2612,2910,3711,2704
2006-01-08,2356,2744,2731,2632,2482,3313,2750,2107,3018,2252
2006-01-15,2223,2798,2408,2209,1997,3334,2562,2114,2370,1868
2006-01-22,2295,2886,2653,1887,1897,3184,2899,2089,2452,1868
2006-01-29,2401,3008,2431,2691,2138,2938,2572,2452,3344,1808
2006-02-05,2587,3500,2272,3212,1878,2450,3406,2817,2750,1664
2006-02-12,2503,3269,2825,3727,1869,2530,2728,2550,3261,1371
2006-02-19,2793,2690,2900,3619,1996,2379,3065,3134,3483,1727
2006-02-26,3310,3010,3516,4233,2438,3326,3530,3769,3517,1974
2006-03-05,3533,2528,3449,3769,2896,3560,4967,4246,3144,2173
2006-03-12,2843,2380,2871,2613,3077,3301,4514,3245,2621,1893
2006-03-19,2752,2549,2647,2253,3039,2928,3818,3120,2635,1973
2006-03-26,2326,2247,1752,1916,3372,3057,4121,2497,2883,1926
2006-04-02,2169,2157,1574,2304,3268,3197,3315,2197,2573,2164
2006-04-09,1854,1596,1234,2402,3036,3045,2610,1923,2447,1950
2006-04-16,1769,1552,1540,1893,2565,2998,2032,1866,2111,1792
2006-04-23,1632,1293,1708,1435,2132,2509,1873,1761,1900,1537
2006-04-30,1445,1460,1400,1423,1774,2456,2188,1456,1659,1133
2006-05-07,1276,1328,1342,1631,1634,2425,2239,1173,1650,1086
2006-05-14,1173,1462,956,1722,1780,2389,1974,1124,1690,971
2006-05-21,1172,1193,1055,1382,1651,2197,1854,1231,1580,957
2006-05-28,1078,1440,1223,1125,1836,2042,1915,865,1590,953
2006-06-04,940,1374,1039,828,1819,1865,1655,914,1278,619
2006-06-11,951,1436,1161,734,1565,1856,1233,786,1236,753
2006-06-18,858,1005,1024,826,1410,1690,1154,749,1532,654
2006-06-25,752,1172,1024,1009,1304,1602,1039,599,1530,473
2006-07-02,785,1139,850,987,1244,1490,873,629,1675,699
2006-07-09,786,1037,1089,953,1200,1493,955,671,1796,468
2006-07-16,724,1376,881,849,1014,1366,978,620,1549,493
2006-07-23,707,979,653,872,922,1274,817,596,1475,681
2006-07-30,744,839,595,931,928,1167,863,712,1307,351
2006-08-06,736,994,635,1033,839,1176,789,611,1354,822
2006-08-13,774,943,803,1552,1066,1106,776,649,1285,602
2006-08-20,752,1003,813,1354,1029,1108,905,653,1218,667
2006-08-27,801,849,692,1362,1147,1173,899,717,1388,712
2006-09-03,931,1038,784,1273,1404,1165,1035,825,1324,838
2006-09-10,1118,815,906,1430,1587,1360,1158,1095,1399,1175
2006-09-17,1427,1336,1138,1636,1983,1834,1673,1453,1560,1211
2006-09-24,1627,1246,1355,1775,2051,1954,1929,1828,1724,1413
2006-10-01,1770,1706,1765,2291,2056,2032,1651,1756,1985,1594
2006-10-08,1758,1720,1629,1913,1974,2217,1888,1671,2024,1906
2006-10-15,1864,1915,1518,1826,1969,2133,2307,1821,2134,2005
2006-10-22,2003,2184,1586,2292,2469,1877,2659,1978,2091,1924
2006-10-29,2048,2415,1700,2357,2694,2036,2447,2062,2109,1852
2006-11-05,2088,2080,1951,2224,2447,2147,2497,2013,2538,2142
2006-11-12,2228,2604,1941,2900,2242,2290,2466,2270,3094,1784
2006-11-19,2334,3006,1898,2624,2090,2742,2346,2528,2923,1679
2006-11-26,2418,2891,1843,2833,2124,2597,2447,2526,2648,2235
2006-12-03,2520,3420,1669,2483,2178,2216,2529,2801,2596,2216
2006-12-10,2717,4078,1985,3102,2841,2234,2639,2797,2777,2242
2006-12-17,3008,4041,2409,3749,3252,2179,2407,3173,3035,2445
2006-12-24,3302,4104,2355,4618,3258,2317,2744,3770,3570,2353
2006-12-31,3722,3595,3127,3917,3322,2670,3943,4091,4688,3133
2007-01-07,3099,2425,2422,3289,2771,4437,3874,3457,3908,2962
2007-01-14,2748,2657,2694,2938,2329,4140,2980,2980,2808,2272
2007-01-21,2844,2352,3190,2643,1905,3798,2981,3129,2803,2113
2007-01-28,2965,2104,3382,2805,2464,3618,4830,3312,3050,2066
2007-02-04,3309,2957,3948,2842,2591,3939,4546,3402,3212,2411
2007-02-11,3456,3019,3992,4032,3355,4210,5718,3442,3418,2525
2007-02-18,3340,3037,3202,3277,5086,5066,5403,3312,2773,2986
2007-02-25,3006,2646,2709,2764,6006,5347,6668,2835,2188,3069
2007-03-04,2845,2678,2741,2490,5025,4788,5830,2678,1968,2810
2007-03-11,2311,2342,1972,1866,4008,4632,3715,2211,1970,2484
2007-03-18,1847,1883,1799,1672,2646,3949,2541,1840,2104,1823
2007-03-25,1618,1887,1684,1531,2039,3506,2244,1480,1856,1645
2007-04-01,1588,1514,1509,1263,1767,3414,2122,1439,1939,1768
2007-04-08,1744,1590,1821,1345,2255,2980,2395,1668,2196,1653
2007-04-15,1513,1211,1323,1608,2122,2967,2074,1513,1902,1631
2007-04-22,1326,1295,1520,1439,1839,2996,1785,1266,1500,1308
2007-04-29,1258,1267,1434,1289,1658,2684,1576,1239,1469,1057
2007-05-06,1188,1364,1206,1091,1450,2290,1710,1091,1493,1135
2007-05-13,1054,1286,1112,982,1289,2235,1498,991,1594,860
2007-05-20,920,1260,849,930,1278,2051,1352,872,1400,721
2007-05-27,947,1125,1049,1033,1247,2097,1189,806,1320,872
2007-06-03,760,828,729,1025,1285,1817,1022,739,1244,681
2007-06-10,776,796,875,1075,1216,1723,1137,704,1118,619
2007-06-17,783,1140,951,1043,1166,1662,971,732,955,514
2007-06-24,770,1003,963,1066,1149,1773,981,710,933,491
2007-07-01,743,1011,743,1049,1084,1688,1039,736,918,442
2007-07-08,778,985,1025,1071,948,1640,939,685,883,486
2007-07-15,616,989,673,1152,938,1476,1054,562,882,359
2007-07-22,635,775,662,1121,887,1384,997,619,1028,410
2007-07-29,588,801,659,997,808,1394,1113,510,1108,446
2007-08-05,648,735,583,1056,779,1446,1247,628,1130,432
2007-08-12,590,675,477,946,731,1303,1005,641,1087,422
2007-08-19,668,822,544,1003,709,1277,892,610,1269,567
2007-08-26,740,1035,765,942,646,1207,860,731,1335,551
2007-09-02,832,1113,706,960,708,1166,804,718,1514,720
2007-09-09,933,1076,983,1010,792,1121,789,863,1513,838
2007-09-16,1274,1224,1088,1368,1047,1104,1241,1278,1381,1173
2007-09-23,1379,1516,1402,1283,1718,1160,1460,1376,1467,1200
2007-09-30,1465,1520,1456,1379,1846,1227,1685,1459,1501,1324
2007-10-07,1340,1579,1201,1330,1937,1258,1858,1269,1746,1432
2007-10-14,1513,1563,1376,1424,1826,1371,1747,1513,1691,1542
2007-10-21,1504,1668,1325,1683,1679,1425,1759,1452,1823,1377
2007-10-28,1628,1830,1617,2049,1889,1551,1803,1559,1840,1461
2007-11-04,1717,1918,1577,2085,1722,1619,1974,1744,2249,1488
2007-11-11,1896,1848,1680,1999,1782,1584,2103,2013,1990,1488
2007-11-18,1972,2209,1954,2200,1723,1572,2234,2086,2062,1482
2007-11-25,1911,1977,1705,2189,1731,1610,2391,2134,2267,1414
2007-12-02,1949,2133,1726,2013,1788,1642,1890,2162,2614,1538
2007-12-09,2156,2413,2052,2205,1807,1794,1615,2389,2902,1526
2007-12-16,2390,2653,2251,2378,1836,1900,1653,2671,2918,1702
2007-12-23,2883,3149,2703,2579,1722,1865,2016,3217,3139,2059
2007-12-30,3058,3127,3212,2106,1803,2103,2301,3380,3833,2317
2008-01-06,2728,3232,2955,2152,1856,2373,2180,2781,3862,2156
2008-01-13,2474,2967,2906,2192,2208,2516,2134,2292,3668,2170
2008-01-20,2494,2958,2639,1862,2464,2726,2254,2455,3481,2198
2008-01-27,2668,3453,2793,2529,2647,3063,2371,2480,3614,2354
2008-02-03,2826,3220,3199,4016,2610,3119,2449,2622,3576,2509
2008-02-10,2786,3378,2895,4244,2484,3572,2617,2412,3746,2734
2008-02-17,3010,2892,3074,3795,2856,4193,3042,2881,4161,2611
2008-02-24,3080,3025,3108,3772,3796,4407,3165,2959,4416,2837
2008-03-02,3052,2725,2948,3260,3467,4461,2991,3106,4103,2912
2008-03-09,2808,2241,2518,2440,3330,4313,2891,3057,3523,2573
2008-03-16,2520,1957,2137,2074,3347,4062,3914,2711,3260,2206
2008-03-23,2469,2114,2151,1972,3764,3989,4018,2663,2933,2076
2008-03-30,2365,1671,1720,1969,3686,3561,4454,2593,2395,2215
2008-04-06,2202,1659,1786,1848,3455,3203,4387,2296,2093,2210
2008-04-13,1874,1459,1359,1520,3067,3105,3922,1998,1769,1965
2008-04-20,1679,1800,1308,1346,3069,3038,3124,1572,1509,1984
2008-04-27,1419,1380,1152,1181,2754,2823,2403,1439,1465,1429
2008-05-04,1179,1142,1068,1047,2252,2470,1988,1190,1346,1219
2008-05-11,1089,1078,943,984,2018,2283,1622,1085,1279,1215
2008-05-18,1002,785,780,989,1806,2192,1409,1033,1264,1154
2008-05-25,805,701,706,894,1539,2095,1216,791,1186,866
2008-06-01,688,691,617,939,1350,1920,1233,598,1067,675
2008-06-08,642,731,714,883,1200,1806,1183,535,974,580
2008-06-15,757,753,805,835,1079,1694,1093,662,946,757
2008-06-22,665,746,711,861,950,1583,1037,584,887,653
2008-06-29,615,695,653,815,885,1488,900,578,949,598
2008-07-06,520,701,457,713,875,1412,806,508,831,486
2008-07-13,491,621,545,777,811,1347,680,474,788,467
2008-07-20,494,539,467,751,781,1280,648,484,793,438
2008-07-27,429,574,443,641,709,1204,583,417,731,318
2008-08-03,474,643,529,622,712,1129,553,407,679,451
2008-08-10,577,614,475,698,655,1084,507,541,752,606
2008-08-17,565,557,439,726,647,1078,596,598,761,499
2008-08-24,711,648,580,738,633,1080,730,708,845,585
2008-08-31,740,914,633,694,674,1006,854,720,934,649
2008-09-07,914,1142,860,865,652,968,1151,834,1211,891
2008-09-14,1205,1350,1046,1075,903,1028,1306,1098,1183,1294
2008-09-21,1463,1308,1262,1471,1124,1105,1619,1422,1413,1605
2008-09-28,1422,1142,1259,1396,1657,1186,1586,1435,1487,1619
2008-10-05,1470,1463,1138,1252,2222,1422,1646,1384,1516,1641
2008-10-12,1473,1461,1139,1229,2028,1459,1750,1422,1640,1839
2008-10-19,1576,1676,1383,1410,1935,1520,1874,1496,1624,1692
2008-10-26,1642,1834,1439,1549,1751,1401,1796,1643,1835,1648
2008-11-02,1767,2034,1612,1623,1628,1605,1681,1727,1758,1698
2008-11-09,1977,2304,1844,2094,1820,1567,2477,1969,1904,1826
2008-11-16,1999,2425,1725,2092,2082,1610,2398,2080,1962,1585
2008-11-23,1947,2250,1567,1886,2188,1694,1933,2090,2072,1713
2008-11-30,2047,2389,1738,1922,2061,1853,1749,2213,2174,1677
2008-12-07,2101,2594,1843,1789,1983,2003,1775,2264,2110,1701
2008-12-14,2133,2637,1982,1878,1885,1967,2073,2244,2184,1605
2008-12-21,2246,2513,2017,1995,1929,1895,2239,2388,2049,1972
2008-12-28,2547,2433,2220,2205,2182,2107,2368,2734,2124,2284
2009-01-04,2596,2543,2174,2437,2433,2129,3216,2701,2113,2354
2009-01-11,2439,2108,2278,2187,2527,2096,3368,2646,1955,2089
2009-01-18,2475,2298,2046,1956,2561,2276,3343,2737,1744,2110
2009-01-25,2818,2431,2319,1752,2588,2703,3420,3078,1804,2668
2009-02-01,2951,2238,2663,1856,2468,2466,3772,3151,2262,2898
2009-02-08,3082,2465,2865,1889,3110,2522,3460,3042,2508,3217
2009-02-15,3308,2531,2982,1983,4299,2902,3206,2984,2464,4160
2009-02-22,3299,2668,3138,2165,4598,2956,3496,3015,2466,4080
2009-03-01,3057,2599,2635,2200,4163,3277,3617,2718,2530,3824
2009-03-08,2609,2155,2474,2224,3652,3289,3230,2426,2737,2922
2009-03-15,2294,2034,2225,2145,3519,3243,3185,2103,2780,2185
2009-03-22,2120,1961,2045,2081,3674,3187,3234,1973,2867,1905
2009-03-29,1844,1788,1758,1804,3515,3177,2806,1705,2771,1662
2009-04-05,1604,1828,1402,1681,2897,3343,2267,1514,2297,1334
2009-04-12,1542,1509,1276,1880,2577,2879,1965,1479,2134,1391
2009-04-19,1684,1682,1435,1750,2388,2770,2094,1559,2265,1526
2009-04-26,2342,2939,2468,2053,2574,2834,3532,2469,2629,1963
2009-05-03,2326,2889,2241,2862,2601,2707,4468,2517,3221,1496
2009-05-10,2247,2548,2418,2834,2542,2708,3681,2174,2897,1469
2009-05-17,1853,1954,1786,2547,2558,2495,2825,1665,2913,1416
2009-05-24,1661,1714,1280,2349,2156,2370,2218,1715,2714,1256
2009-05-31,1607,1496,1236,2509,1947,2332,1855,1654,2261,1360
2009-06-07,2116,2046,1186,3535,1785,2240,1660,2195,2385,2026
2009-06-14,1937,1842,1161,3288,1682,2180,1673,1919,3136,1852
2009-06-21,1563,1659,1017,2343,1532,2068,1720,1631,2859,1376
2009-06-28,1197,1319,1180,2001,1353,1951,1569,1144,2408,737
2009-07-05,1199,1417,1122,1627,1328,1928,1750,1125,2093,750
2009-07-12,1175,1541,1129,1367,1323,1939,1705,1102,1827,769
2009-07-19,1137,1532,1137,1406,1330,1846,2046,992,1660,754
2009-07-26,1151,1205,1073,1294,1311,1798,1931,1047,1443,723
2009-08-02,973,992,903,1218,1421,1679,2038,890,1277,567
2009-08-09,1015,1124,1009,1169,1535,1632,1969,784,1160,738
2009-08-16,1121,1135,1128,1168,1456,1575,1696,859,1083,784
2009-08-23,1309,1434,1126,1335,1393,1563,1520,1014,1096,829
2009-08-30,1584,1676,1174,1570,1355,1502,1403,1181,1395,1052
2009-09-06,2071,2119,1838,1529,1481,1488,1347,1475,1779,1489
2009-09-13,2621,2415,2372,1894,1817,1808,2113,2013,2444,1613
2009-09-20,3360,2707,3314,2837,2679,2296,3050,2880,2850,1743
2009-09-27,3718,2962,3653,2977,3417,2940,3519,3305,2757,1595
2009-10-04,4154,3316,4925,3184,3408,3804,3595,3581,3073,1883
2009-10-11,5111,4303,5878,3531,3758,3968,3494,4579,4398,2160
2009-10-18,6799,7939,6967,3933,4174,4867,4855,6599,5887,2591
2009-10-25,9688,12938,8578,5295,8147,15687,10149,10129,9137,4245
2009-11-01,9630,12842,8828,6874,12396,16283,13550,9645,11139,5419
2009-11-08,6504,6501,5414,5646,9273,10697,8839,5967,8692,5268
2009-11-15,4316,4431,3348,4727,6578,7283,5280,4224,5660,3706
2009-11-22,3055,3072,2570,3873,4798,5217,4028,3002,4482,2497
2009-11-29,2489,2210,2028,3428,3542,4098,3144,2543,3214,1936
2009-12-06,2134,1990,2055,2630,2739,3091,2324,2268,2459,1391
2009-12-13,2077,1800,1895,1937,2387,2665,1880,2240,2183,1412
2009-12-20,1957,1742,1601,1995,2056,2338,1591,2155,1847,1229
2009-12-27,2199,1847,1740,2136,1932,2122,1754,2391,1898,1494
2010-01-03,2176,2069,1827,1951,1830,1836,1906,2303,1824,1628
2010-01-10,1683,1531,1361,1646,1756,1733,1801,1585,1648,1220
2010-01-17,1695,1574,1368,1435,1728,1732,1660,1666,1704,1106
2010-01-24,1619,1453,1307,1279,1636,1774,1676,1502,1537,1010
2010-01-31,1757,1586,1325,1323,1647,1796,1815,1677,1449,1263
2010-02-07,1736,1445,1245,1285,1690,1827,1942,1698,1397,1038
2010-02-14,1717,1523,1199,1265,1907,1770,2142,1674,1305,1084
2010-02-21,1751,1481,1503,1206,1895,1798,1987,1703,1224,1133
2010-02-28,1748,1485,1788,1170,1909,1758,1932,1576,1316,1160
2010-03-07,1725,1736,1665,1227,1899,1802,1879,1490,1528,1207
2010-03-14,1523,1440,1519,1274,1762,1899,1986,1349,1718,1000
2010-03-21,1404,1507,1254,1292,1653,1994,1767,1318,1779,923
2010-03-28,1255,1165,1226,1211,1602,1976,1628,1099,1743,1065
2010-04-04,1160,1323,1051,1202,1709,1934,1457,1013,1603,913
2010-04-11,1077,1068,1029,1131,1563,1933,1326,948,1464,910
2010-04-18,1005,868,913,1038,1574,1867,1317,906,1417,841
2010-04-25,966,908,843,994,1509,1823,1324,836,1327,820
2010-05-02,854,983,832,912,1523,1778,1333,746,1189,455
2010-05-09,868,921,795,891,1494,1685,1216,735,1091,634
2010-05-16,833,843,722,816,1330,1619,1205,694,1029,704
2010-05-23,715,729,742,854,1249,1562,1101,606,1006,515
2010-05-30,641,738,667,742,1168,1531,1060,535,962,518
2010-06-06,570,723,626,697,1042,1498,928,428,925,449
2010-06-13,592,663,582,629,983,1523,837,447,879,470
2010-06-20,546,589,768,575,948,1543,758,386,895,487
2010-06-27,445,566,579,535,885,1459,645,403,892,382
2010-07-04,561,545,565,518,819,1344,603,512,899,474
2010-07-11,451,511,526,528,749,1253,577,408,827,398
2010-07-18,462,589,299,543,685,1166,535,441,751,376
2010-07-25,481,635,381,539,637,1094,494,416,730,455
2010-08-01,468,553,355,506,607,1025,494,405,681,443
2010-08-08,442,549,451,562,564,984,465,384,678,306
2010-08-15,506,620,397,565,534,964,494,458,679,358
2010-08-22,569,674,492,518,526,922,526,553,678,404
2010-08-29,648,697,544,506,568,888,495,547,673,615
2010-09-05,857,977,527,521,561,905,573,849,803,737
2010-09-12,1121,1199,813,563,580,887,791,1051,969,1125
2010-09-19,1409,1301,1069,756,715,926,1137,1324,1134,1467
2010-09-26,1519,1202,1145,1068,901,905,1682,1486,1255,1580
2010-10-03,1552,1205,1244,1209,1123,982,1691,1657,1391,1523
2010-10-10,1486,1287,1164,1210,1342,1079,1577,1416,1663,1678
2010-10-17,1486,1364,1147,1151,1536,1241,1617,1439,1691,1592
2010-10-24,1419,1410,1388,1049,1625,1332,1522,1315,1695,1438
2010-10-31,1594,1604,1168,1194,1578,1454,1438,1659,1717,1535
2010-11-07,1613,1387,1287,1343,1625,1554,1469,1749,1618,1545
2010-11-14,1797,1648,1365,1674,1597,1612,1533,2006,1700,1552
2010-11-21,1815,1805,1389,1779,1625,1583,1591,2041,1884,1506
2010-11-28,1960,1906,1312,2284,1559,1519,1498,2422,2030,1414
2010-12-05,2174,2042,1326,3194,1572,1452,1661,2716,1981,1573
2010-12-12,2526,2359,1491,3844,1599,1480,1775,3169,2063,1798
2010-12-19,3062,2108,1760,4150,1605,1476,2016,4149,1932,2321
2010-12-26,3816,2543,2216,4352,1692,1564,2085,5020,2205,3202
2011-01-02,3924,2599,2492,3848,1834,1738,2442,4801,2671,3337
2011-01-09,3448,2487,2411,3204,2151,1851,2638,4094,2781,2621
2011-01-16,3350,2159,2367,2580,2569,1823,2495,3774,2489,2533
2011-01-23,3162,2028,2130,2052,2613,1926,2660,3316,2348,2235
2011-01-30,2952,2076,1960,1819,2671,2006,2936,2781,2132,2236
2011-02-06,2735,2123,2217,1723,2939,2090,3517,2576,2040,2063
2011-02-13,2307,2321,2334,1819,4002,1945,3470,2359,2168,1858
2011-02-20,2313,2110,2549,1951,4817,1890,3594,2279,2481,1830
2011-02-27,2182,2221,2506,1831,4450,1968,3554,2135,2463,1709
2011-03-06,2023,2125,2480,1703,3883,2145,3135,1955,2131,1561
2011-03-13,1784,2170,2157,1614,3338,2241,2671,1677,1892,1351
2011-03-20,1665,1750,1654,1501,2998,2358,2680,1656,1756,1359
2011-03-27,1476,1542,1447,1347,2833,2420,2736,1341,1724,1381
2011-04-03,1348,1080,1011,1225,2568,2424,2611,1367,1738,1404
2011-04-10,1172,1161,808,1052,2274,2326,2495,1123,1616,1210
2011-04-17,1097,899,824,1088,2200,2190,2310,1097,1554,1044
2011-04-24,1011,854,1001,1001,1977,2235,2158,908,1454,1025
2011-05-01,879,742,783,855,1812,2098,1829,852,1421,965
2011-05-08,766,669,720,842,1663,2006,1646,749,1239,730
2011-05-15,775,696,737,768,1565,1809,1373,750,1087,760
2011-05-22,683,810,675,681,1490,1753,1246,583,959,680
2011-05-29,625,751,652,608,1328,1661,1175,575,882,556
2011-06-05,606,729,639,547,1184,1536,1083,546,778,511
2011-06-12,518,675,519,502,1091,1424,1030,466,724,486
2011-06-19,476,623,485,461,1039,1309,1007,420,657,371
2011-06-26,410,580,427,418,952,1241,914,374,613,305
2011-07-03,409,483,413,397,883,1172,855,363,619,388
2011-07-10,354,397,403,373,807,1106,806,324,593,306
2011-07-17,332,407,400,370,759,1016,735,309,652,252
2011-07-24,243,426,314,346,693,914,668,204,617,218
2011-07-31,323,383,343,337,631,865,614,316,622,181
2011-08-07,180,359,289,309,575,824,572,118,563,152
2011-08-14,231,336,219,328,551,790,514,210,535,149
2011-08-21,211,299,203,332,517,756,466,129,517,176
2011-08-28,238,236,133,334,508,744,475,222,495,354
2011-09-04,372,277,161,317,491,721,472,297,462,531
2011-09-11,476,426,245,316,503,710,455,470,467,600
2011-09-18,764,825,525,339,513,678,514,719,456,805
2011-09-25,1030,1152,948,420,573,694,565,1017,520,1001
2011-10-02,1120,1274,1118,524,641,691,650,1172,568,1055
2011-10-09,1248,1449,1255,603,790,728,823,1145,603,1392
2011-10-16,1467,1926,1432,839,933,766,1025,1534,986,1569
2011-10-23,1679,2121,1665,1069,1116,840,1163,1781,1350,1666
2011-10-30,1926,2254,1633,1209,1344,994,1425,1960,1579,1891
2011-11-06,1919,2193,1658,1442,1402,1213,1574,1892,2084,2059
2011-11-13,1950,2641,1831,1527,1462,1315,1764,1931,2224,1735
2011-11-20,1957,2752,1847,1509,1638,1363,1751,1937,2296,1741
2011-11-27,1920,2783,1829,1534,1851,1549,1650,1824,2383,1671
2011-12-04,2035,2541,2107,1598,1897,1553,1695,1958,2445,1837
2011-12-11,2269,2865,2628,1628,2082,1622,1775,2109,2706,2007
2011-12-18,2450,3189,3068,1891,2222,1695,1819,2157,2846,2305
2011-12-25,2988,3802,3488,2085,2451,1752,1884,2853,3022,2534
2012-01-01,2816,3305,3185,2383,2445,1834,2052,2646,3440,2672
2012-01-08,2327,2701,2511,2389,2406,1915,2199,2185,3437,2235
2012-01-15,2118,2561,2358,2107,2335,2183,2065,2007,2977,1923
2012-01-22,2056,2448,2360,1832,2206,2239,1964,1969,2695,1729
2012-01-29,2032,2478,2282,1628,2204,2442,1997,1991,2518,1689
2012-02-05,2060,2235,2208,1662,2346,2414,2262,2051,2610,1705
2012-02-12,2248,2404,2243,1590,2572,2554,2451,2100,2668,2260
2012-02-19,2583,2949,2280,1747,2947,2869,2709,2595,2873,2426
2012-02-26,2589,2813,2229,1810,2834,2896,2997,2612,2781,2612
2012-03-04,2698,2714,2158,2052,2758,3872,3078,2847,2812,2592
2012-03-11,2495,2489,2019,2196,2573,4366,3369,2680,2682,2269
2012-03-18,2202,2616,1956,2338,2386,4891,3357,2169,2677,1893
2012-03-25,1860,2139,1910,2214,2344,5056,2934,1646,2829,1655
2012-04-01,1742,2093,1790,2082,2465,4634,2611,1558,2533,1562
2012-04-08,1757,2011,1672,1956,2759,4567,2625,1607,2488,1663
2012-04-15,1583,1808,1524,1805,2673,3940,2458,1556,2292,1330
2012-04-22,1354,1410,1400,1568,2444,3529,2155,1394,2123,1170
2012-04-29,1358,1580,1365,1475,2406,3083,1822,1333,1822,1266
2012-05-06,1172,1435,1248,1434,2106,2691,1589,1082,1719,1105
2012-05-13,1057,1506,1265,1389,1943,2491,1432,920,1517,859
2012-05-20,1013,1577,1101,1306,1736,2235,1247,867,1519,884
2012-05-27,851,1308,1025,1185,1661,2028,1198,683,1528,661
2012-06-03,879,1293,1131,1050,1535,1892,1203,748,1430,585
2012-06-10,819,1185,1042,923,1423,1771,1266,654,1345,553
2012-06-17,799,1287,919,916,1322,1698,1307,654,1302,552
2012-06-24,722,1220,777,882,1241,1588,1209,645,1175,481
2012-07-01,745,1146,867,802,1172,1539,1147,671,1149,527
2012-07-08,764,1045,970,760,1092,1507,1116,680,1195,482
2012-07-15,679,892,757,738,1036,1431,1010,599,1220,448
2012-07-22,619,948,725,724,950,1371,961,538,1240,400
2012-07-29,583,843,759,727,869,1334,905,523,1207,328
2012-08-05,653,944,845,827,860,1309,853,538,1195,428
2012-08-12,684,1199,737,822,781,1214,786,655,1185,352
2012-08-19,726,1120,770,853,752,1145,780,684,1186,508
2012-08-26,819,1253,1057,936,751,1104,716,681,1185,604
2012-09-02,884,1206,998,943,753,1075,730,816,1242,602
2012-09-09,1047,1542,946,933,827,1067,757,966,1311,809
2012-09-16,1393,1688,1183,1144,955,1099,1042,1435,1655,1160
2012-09-23,1699,1865,1590,1369,1200,1313,1405,1737,1772,1414
2012-09-30,1789,2070,1746,1534,1684,1526,1805,1783,2165,1526
2012-10-07,1861,2221,1855,1653,1818,1747,1696,1817,2403,1546
2012-10-14,1946,2598,1952,1787,1911,1818,1845,1852,2481,1601
2012-10-21,1909,2683,1995,2045,1905,2013,1922,1743,2795,1573
2012-10-28,2013,2921,2335,2294,1868,2128,1996,1766,3319,1478
2012-11-04,2091,2890,2256,2436,1996,2021,1956,1960,3412,1658
2012-11-11,2247,3115,2411,2513,1965,1865,2015,2149,3522,1660
2012-11-18,2401,3486,2535,2431,1996,1871,2132,2264,3809,1824
2012-11-25,2719,3853,2608,2333,2120,1793,2127,2694,4090,2092
2012-12-02,3262,4459,3108,2782,2112,1874,2302,3390,4382,2406
2012-12-09,4003,4732,3492,3024,2291,2005,2374,4250,5078,3448
2012-12-16,4934,5494,3923,3487,2431,2387,2623,5032,5749,5177
2012-12-23,6425,7466,5196,5565,2646,3268,3124,6408,6213,6612
2012-12-30,7496,7143,6553,6234,3605,7955,4941,7654,7306,6665
2013-01-06,7698,7661,7420,8254,5410,11720,6057,8004,7372,5715
2013-01-13,6803,7318,8045,7603,8103,9937,8781,7051,7070,4119
2013-01-20,4778,5142,6222,5371,7495,8104,7468,4604,4935,2694
2013-01-27,3939,4303,5109,4759,6968,7475,7031,3644,3840,2434
2013-02-03,3230,3681,4073,5018,5944,5899,5501,2776,3898,2423
2013-02-10,2768,3084,3364,4065,4816,4959,4568,2472,3665,2097
2013-02-17,2597,3019,3254,3487,3946,4128,3927,2275,2931,2177
2013-02-24,2306,2846,2638,3173,3176,3577,3375,2080,2615,1849
2013-03-03,2068,2593,2371,3111,2740,3146,2847,1835,2537,1703
2013-03-10,1901,2278,2097,2781,2422,3000,2785,1672,2441,1645
2013-03-17,1833,2415,1863,2440,2055,2744,2600,1712,2282,1469
2013-03-24,1642,2214,1681,2251,1965,2507,2256,1467,2162,1464
2013-03-31,1754,2372,1721,2212,1932,2359,1964,1567,2393,1541
2013-04-07,1603,2125,1422,2256,2055,2196,2073,1486,2238,1363
2013-04-14,1458,1936,1380,2022,2192,2098,2289,1313,2048,1225
2013-04-21,1379,1864,1372,1702,2039,1981,2063,1191,1837,1347
2013-04-28,1265,1844,1208,1657,2041,1962,1836,1076,1837,1093
2013-05-05,1133,1675,1117,1560,1846,1854,1724,953,1806,1055
2013-05-12,1046,1461,1063,1557,1601,1727,1750,973,1731,731
2013-05-19,1002,1279,1077,1448,1503,1626,1757,846,1742,835
2013-05-26,986,1455,1307,1349,1469,1580,1542,819,1552,688
2013-06-02,872,1257,1015,1169,1357,1591,1381,726,1488,632
2013-06-09,835,1206,1020,1003,1269,1508,1277,703,1354,684
2013-06-16,831,1063,1071,929,1251,1509,1137,742,1342,574
2013-06-23,821,1164,1131,911,1206,1435,1166,680,1359,645
2013-06-30,839,1296,1111,871,1129,1341,1172,730,1367,612
2013-07-07,715,1017,862,903,1069,1332,1139,656,1342,548
2013-07-14,710,1123,868,893,993,1278,1094,605,1319,600
2013-07-21,690,1069,879,975,919,1189,1021,628,1365,497
2013-07-28,635,1140,763,932,873,1158,935,574,1267,399
2013-08-04,707,943,921,853,874,1124,900,690,1303,497
2013-08-11,698,1153,822,835,779,1043,852,693,1350,495
2013-08-18,627,1032,779,777,711,1012,820,558,1236,526
2013-08-25,660,1012,875,756,665,959,837,619,1165,458
2013-09-01,780,1060,958,833,640,949,797,794,1183,605
2013-09-08,1016,1403,1230,862,670,983,787,957,1251,866
2013-09-15,1328,1634,1552,1098,793,1097,977,1405,1454,1114
2013-09-22,1598,2033,1747,1448,975,1296,1300,1642,1884,1298
2013-09-29,1546,2026,2080,1822,1077,1456,1569,1495,2294,1166
2013-10-06,1585,2009,2010,1911,1280,1803,1693,1527,2508,1255
2013-10-13,1632,2319,2019,2020,1493,1996,1834,1576,2551,1213
2013-10-20,1849,2772,2120,2218,1545,2073,2030,1767,2587,1322
2013-10-27,1968,2768,2277,2199,1690,2154,2413,2049,2789,1349
2013-11-03,2031,3057,2346,2037,1978,2068,2408,2023,3022,1479
2013-11-10,2130,3113,2285,2047,2051,2075,2346,2275,2957,1630
2013-11-17,2137,3114,2302,2236,2136,1965,2220,2239,3025,1606
2013-11-24,2154,3257,2268,2341,2078,2105,2101,2286,2872,1600
2013-12-01,2354,3376,2487,2218,1832,2042,2039,2644,2917,1609
2013-12-08,2897,3962,3128,2595,1937,2079,2017,3068,3478,1897
2013-12-15,3745,5237,4092,3079,1990,2282,2326,3921,4479,2421
2013-12-22,4946,7155,5318,3946,2416,2835,3227,5004,6999,3467
2013-12-29,5706,8781,6985,5419,4217,3984,3585,5493,9722,4420
2014-01-05,5766,11271,8961,6108,8680,5558,6073,5059,11540,4805
2014-01-12,5838,8052,6151,4854,10512,6376,6527,5493,9026,4438
2014-01-19,4830,5314,4911,4471,8154,7611,5933,4561,6687,4224
2014-01-26,4049,4284,4211,3706,6270,6971,5174,3714,5095,3930
2014-02-02,3729,3788,4053,3287,5411,5527,5202,3408,4906,3629
2014-02-09,3438,3623,3709,3043,4392,5261,4611,3170,4268,3286
2014-02-16,2999,3118,3080,2651,3345,4798,4176,2940,3890,2692
2014-02-23,2861,3029,2876,2793,3005,4718,3741,2817,3240,2501
2014-03-02,2637,2647,2671,2473,2886,4452,3196,2733,3360,2108
2014-03-09,2461,2422,2496,2367,2640,4045,3039,2625,3136,1952
2014-03-16,2328,2398,2207,2274,2463,3764,2845,2464,2982,1849
2014-03-23,2241,2427,2159,2277,2246,3427,2551,2391,2881,1701
2014-03-30,2144,2249,1839,2430,2198,3304,2428,2451,2562,1501
2014-04-06,2120,2293,1769,2176,2094,3235,2244,2475,2552,1461
2014-04-13,1957,1940,1523,1881,1937,3078,2197,2296,2485,1380
2014-04-20,1959,2190,1697,1955,1924,2887,2044,2163,2760,1358
2014-04-27,1699,1977,1696,2023,1930,2696,1782,1709,2773,1299
2014-05-04,1571,2030,1497,1916,1955,2569,2017,1537,2255,1112
2014-05-11,1481,2018,1576,1713,1983,2479,2111,1329,2122,1077
2014-05-18,1448,2094,1510,1683,1817,2534,2262,1291,2113,943
2014-05-25,1218,1651,1466,1699,1729,2487,2307,1078,2089,754
2014-06-01,1101,1576,1300,1592,1569,2434,2218,921,1811,767
2014-06-08,1013,1595,1047,1452,1402,2342,1917,816,1863,658
2014-06-15,953,1378,1146,1278,1349,2199,1663,799,1758,678
2014-06-22,916,1307,939,1269,1297,2167,1603,785,1739,598
2014-06-29,901,1171,1036,1213,1224,2025,1463,790,1739,691
2014-07-06,772,1094,847,1061,1151,1883,1241,676,1627,551
2014-07-13,822,1021,823,1035,1054,1782,1216,754,1659,621
2014-07-20,743,967,802,920,987,1682,1194,703,1512,504
2014-07-27,754,966,819,933,975,1543,1152,660,1451,547
2014-08-03,757,919,759,941,935,1410,1053,710,1462,561
2014-08-10,830,1053,831,885,897,1346,1013,862,1362,631
2014-08-17,791,1011,720,934,920,1306,1008,748,1355,592
2014-08-24,858,955,883,1003,904,1263,971,798,1422,705
2014-08-31,915,1123,831,1028,906,1294,947,865,1514,673
2014-09-07,1208,1524,1027,1336,950,1363,965,1193,1800,725
2014-09-14,1648,1961,1134,1902,1070,1664,1269,1769,2202,1256
2014-09-21,1750,2028,1363,2496,1260,1806,1423,1819,2259,1453
2014-09-28,1809,2180,1866,2315,1731,2354,1814,1720,2505,1458
2014-10-05,2004,2164,2222,2318,2090,2523,2370,1948,2642,1585
2014-10-12,2243,2446,2676,2571,2275,2637,2713,2170,3101,1715
2014-10-19,2269,2898,2562,2748,2299,2527,2514,2127,3483,1723
2014-10-26,2271,2987,2506,2788,2423,2471,2592,2081,3539,1757
2014-11-02,2554,3348,2466,2766,2272,2390,2705,2614,3301,1855
2014-11-09,2505,3406,2225,2617,2275,2408,2972,2511,3180,1910
2014-11-16,2548,3864,2368,2844,2443,2273,2797,2434,3346,1884
2014-11-23,2578,4210,2342,3064,2258,2219,2551,2462,3391,1861
2014-11-30,2892,4056,2791,2742,2182,2163,2609,2924,3910,2189
2014-12-07,3725,5151,3409,2993,2424,2388,3233,3620,5489,3313
2014-12-14,4856,5953,4214,5625,2519,2806,4186,4976,6453,4349
2014-12-21,6266,6496,5129,7247,3261,3699,5307,6600,8305,6067
2014-12-28,7362,7071,6390,9082,4342,8603,6543,7743,8446,6679
2015-01-04,6428,6337,7278,8265,5618,10493,7173,6430,6557,5213
2015-01-11,5076,4782,5527,6925,5116,9108,7355,5110,5746,4028
2015-01-18,4599,4234,4542,5314,5858,8611,7354,4795,4464,3617
2015-01-25,4112,3958,3864,4060,6908,7741,6980,4349,3957,3122
2015-02-01,3844,3776,3511,3686,6044,6471,7039,3937,3849,3173
2015-02-08,3498,3571,3122,3353,6090,5479,6539,3552,3562,2986
2015-02-15,3402,3177,2895,3274,6062,5336,6453,3454,3360,2917
2015-02-22,3144,2939,2704,3000,6855,5119,6773,3056,3458,2762
2015-03-01,2971,2879,2399,2760,6891,4527,6519,2898,3483,2725
2015-03-08,2744,2355,2562,2971,6284,4239,6431,2556,2930,2559
2015-03-15,2507,2611,2297,2932,6250,3975,5621,2290,2615,2134
2015-03-22,2350,2310,2173,2733,6055,3568,4456,2156,2648,2132
2015-03-29,2073,1907,1802,2542,5498,3478,3920,1993,2797,1863
2015-04-05,2029,1947,1696,2369,4898,3219,3515,1947,2699,1972
2015-04-12,1782,1694,1790,2015,4223,3089,2981,1631,2226,1812
2015-04-19,1664,1539,1722,1920,3390,3028,2682,1555,1989,1455
2015-04-26,1568,1537,1660,1982,2884,2947,2625,1451,1745,1274
2015-05-03,1353,1433,1534,1860,2386,2764,2411,1273,1834,1092
2015-05-10,1333,1672,1515,1695,2235,2848,2145,1112,1796,1098
2015-05-17,1173,1515,1382,1500,2092,2759,1859,1010,1674,845
2015-05-24,1067,1479,1128,1317,2034,2550,1666,956,1738,718
2015-05-31,977,1147,1185,1221,1857,2289,1484,850,1716,788
2015-06-07,976,1229,1195,1082,1909,2134,1415,821,1761,682
2015-06-14,912,1101,1124,1000,1869,2031,1253,853,1598,624
2015-06-21,925,1173,1108,1064,1802,1852,1349,777,1459,645
2015-06-28,922,1128,1004,964,1636,1848,1309,813,1462,605
2015-07-05,851,1169,860,970,1510,1803,1338,789,1328,590
2015-07-12,832,1060,864,981,1344,1696,1267,766,1413,657
2015-07-19,722,930,755,924,1294,1544,1279,640,1454,510
2015-07-26,703,913,804,949,1220,1476,1168,646,1414,435
2015-08-02,730,854,870,963,1091,1369,1152,684,1249,560
2015-08-09,739,936,875,1000,1024,1332,1110,642,1262,507